#---------------------MATERIAL DATA
1                  #1 for plane stress or 2 for plane strain
30000000           #Young's Modulus
0.3                #Poisson Ratio
0.00000783         #Material Density
1                  #Thickness (Leave as 1 if it is a plane strain Analysis)
0                  #Acceleration X
-9.81              #Acceleration Y
292                  #number of nodes
231                  #number of elements
13                  #number of BC's applied
5                  #number of Loads Applied
#---------------------NODE DATA
1,52.5,57.5
2,37.5,57.5
3,52.5,53.75
4,37.5,53.75
5,14.95513,11.41747
6,13.58253,13.70513
7,11.25,15
8,8.582532,14.95513
9,6.294873,13.58253
10,5,11.25
11,5.044873,8.582532
12,6.417468,6.294873
13,8.75,5
14,11.41747,5.044873
15,13.70513,6.417468
16,15,8.75
17,32.5,0
18,0,0
19,32.5,20
20,27.5,20
21,27.5,48
22,28.08579,49.41422
23,29.5,50
24,72.5,50
25,72.5,61.25
26,16.25,61.25
27,16.25,50
28,16.25,20
29,0,20
30,49.5,57.5
31,46.5,57.5
32,43.5,57.5
33,40.5,57.5
34,40.5,53.75
35,43.5,53.75
36,46.5,53.75
37,49.5,53.75
38,29.79167,0
39,27.08333,0
40,24.375,0
41,21.66667,0
42,18.95833,0
43,16.25,0
44,13.54167,0
45,10.83333,0
46,8.125,0
47,5.416667,0
48,2.708333,0
49,32.5,17.14286
50,32.5,14.28571
51,32.5,11.42857
52,32.5,8.571428
53,32.5,5.714286
54,32.5,2.857143
55,30,20
56,27.5,45.2
57,27.5,42.4
58,27.5,39.6
59,27.5,36.8
60,27.5,34
61,27.5,31.2
62,27.5,28.4
63,27.5,25.6
64,27.5,22.8
65,69.63333,50
66,66.76667,50
67,63.9,50
68,61.03333,50
69,58.16667,50
70,55.3,50
71,52.43333,50
72,49.56667,50
73,46.7,50
74,43.83333,50
75,40.96667,50
76,38.1,50
77,35.23333,50
78,32.36666,50
79,72.5,58.4375
80,72.5,55.625
81,72.5,52.8125
82,19.0625,61.25
83,21.875,61.25
84,24.6875,61.25
85,27.5,61.25
86,30.3125,61.25
87,33.125,61.25
88,35.9375,61.25
89,38.75,61.25
90,41.5625,61.25
91,44.375,61.25
92,47.1875,61.25
93,50,61.25
94,52.8125,61.25
95,55.625,61.25
96,58.4375,61.25
97,61.25,61.25
98,64.0625,61.25
99,66.875,61.25
100,69.6875,61.25
101,16.25,52.8125
102,16.25,55.625
103,16.25,58.4375
104,16.25,22.72727
105,16.25,25.45455
106,16.25,28.18182
107,16.25,30.90909
108,16.25,33.63636
109,16.25,36.36364
110,16.25,39.09091
111,16.25,41.81818
112,16.25,44.54546
113,16.25,47.27273
114,2.708333,20
115,5.416667,20
116,8.125,20
117,10.83333,20
118,13.54167,20
119,0,2.857143
120,0,5.714286
121,0,8.571428
122,0,11.42857
123,0,14.28571
124,0,17.14286
125,27.86918,52.03225
126,2.894026,14.10866
127,2.64198,11.42007
128,10.81784,17.69385
129,17.72915,10.08196
130,5.728202,2.946258
131,8.335106,2.602046
132,17.01157,13.91678
133,13.27741,16.44206
134,16.90693,6.890763
135,13.41691,4.035692
136,27.31133,2.37042
137,22.19427,2.075008
138,19.51906,2.315751
139,10.98065,2.425992
140,2.864993,2.963312
141,5.652006,17.04203
142,24.73454,2.15398
143,16.64806,2.960903
144,19.45864,49.91806
145,18.41911,26.08259
146,18.42543,28.82057
147,18.42333,31.54669
148,18.39985,34.26056
149,18.35688,36.93358
150,18.28679,39.55935
151,18.19847,42.12834
152,18.15137,44.63552
153,18.36864,47.13023
154,18.41061,23.3328
155,30.84794,53.39363
156,25.80255,52.07385
157,22.65978,4.074053
158,18.57962,5.464054
159,8.21753,17.4156
160,20.49229,4.53575
161,18.04264,18.2648
162,20.62033,34.90432
163,20.47205,40.15136
164,19.91257,46.61559
165,20.64329,29.44421
166,20.64183,26.69059
167,20.64756,32.17751
168,20.13288,44.85065
169,20.5662,37.55925
170,20.62914,23.91632
171,21.30291,47.74032
172,24.45347,46.60811
173,25.18837,27.85282
174,25.1708,25.04211
175,25.20582,30.64037
176,25.21498,33.42339
177,25.21392,36.19794
178,25.1242,41.65351
179,24.91925,44.27308
180,25.14763,22.21677
181,25.19022,38.94261
182,19.11776,53.03766
183,69.64275,55.60682
184,69.63969,52.8026
185,21.80671,58.63121
186,24.66271,58.62749
187,30.47553,58.64363
188,33.39171,58.82314
189,36.28189,59.36012
190,47.23664,59.57494
191,55.36161,57.86115
192,58.25418,58.11731
193,61.11602,58.27032
194,63.96522,58.35141
195,19.01176,55.82955
196,27.57063,58.54403
197,2.910151,5.816319
198,29.74112,8.107018
199,29.548,10.82372
200,2.855745,17.02573
201,61.08796,52.66122
202,63.9268,52.74052
203,58.26599,52.52463
204,55.39453,54.69637
205,33.97215,53.15235
206,13.29145,18.11436
207,26.33757,53.46202
208,25.48411,49.83091
209,29.81202,16.84908
210,33.8411,56.37441
211,15.78433,18.15384
212,18.91303,8.625473
213,22.21084,9.08351
214,22.14205,45.58703
215,24.89744,4.34496
216,22.26335,51.04151
217,22.54379,43.33832
218,20.58124,21.14001
219,25.08898,19.38999
220,69.6572,58.41648
221,19.00371,58.54102
222,63.93928,55.51043
223,21.75412,56.0625
224,27.64763,55.71085
225,61.09809,55.386
226,24.54012,56.12616
227,58.2568,55.15324
228,29.6363,13.79351
229,2.656721,8.468099
230,26.24977,10.1491
231,27.03311,7.441241
232,21.79667,53.50883
233,66.7838,52.77707
234,40.75132,51.88772
235,66.81565,58.39098
236,14.96956,15.99988
237,26.93394,13.52473
238,66.79642,55.56688
239,30.73582,56.10012
240,23.38424,48.75507
241,19.80931,11.42939
242,22.74872,40.84888
243,29.9034,5.330185
244,28.88015,53.64276
245,23.90845,11.1147
246,43.66545,51.90617
247,24.40137,51.72925
248,24.2458,53.79363
249,17.49125,15.98319
250,22.85272,38.23241
251,24.53577,13.62114
252,15.16539,5.093728
253,22.8995,35.54161
254,13.59,2.302359
255,19.45981,14.02994
256,22.40247,16.1964
257,22.91797,32.79956
258,22.91715,30.04462
259,21.80561,13.44441
260,22.71403,18.92969
261,22.90751,27.2723
262,22.8903,24.47484
263,22.85104,21.66481
264,27.30774,16.64581
265,18.36367,20.57797
266,29.92163,2.615105
267,45.30692,59.34454
268,42.87974,59.11228
269,40.79633,58.57408
270,55.44559,52.32133
271,52.54247,52.02533
272,49.53915,51.94157
273,46.59744,51.91741
274,37.94243,51.83728
275,35.57098,51.58408
276,38.38658,60.05212
277,39.55787,59.34171
278,26.79222,50.85402
279,17.1068,11.95994
280,24.89626,16.42105
281,18.88256,12.44442
282,19.96666,16.16154
283,20.36909,7.420594
284,21.80779,6.422714
285,27.33212,4.861444
286,20.82334,10.21246
287,22.27023,11.6596
288,20.31031,42.5979
289,20.36606,18.56914
290,23.65711,7.992833
291,22.94082,5.621345
292,24.6376,6.402569
#---------------------ELEMENT DATA
1,36,273,272,37
2,210,188,187,239
3,125,23,155,244
4,101,182,195,102
5,27,144,182,101
6,192,227,225,193
7,270,271,71,70
8,139,14,13,131
9,139,45,44,254
10,47,46,131,130
11,197,120,119,140
12,47,130,140,48
13,197,229,121,120
14,9,141,200,126
15,141,115,114,200
16,128,117,116,159
17,211,206,133,236
18,5,279,132,6
19,251,245,230,237
20,228,209,264,237
21,215,142,136,285
22,161,265,28,211
23,170,166,145,154
24,149,148,162,169
25,278,22,23,125
26,238,235,194,222
27,92,91,267,190
28,33,269,277,2
29,126,123,122,127
30,191,1,3,204
31,93,30,1,94
32,268,269,33,32
33,4,2,210,205
34,4,274,234,34
35,34,234,246,35
36,35,246,273,36
37,17,54,266,38
38,53,52,198,243
39,137,157,160,138
40,137,41,40,142
41,42,138,143,43
42,254,44,43,143
43,131,46,45,139
44,140,130,12,197
45,49,19,55,209
46,49,209,228,50
47,286,212,283,213
48,157,137,142,215
49,54,53,243,266
50,237,230,199,228
51,163,288,151,150
52,179,178,57,56
53,173,175,258,261
54,147,146,165,167
55,166,165,146,145
56,65,24,81,184
57,184,81,80,183
58,193,194,98,97
59,67,202,201,68
60,203,227,204,270
61,72,71,271,272
62,73,72,272,273
63,74,73,273,246
64,75,74,246,234
65,76,75,234,274
66,76,274,275,77
67,78,205,155,23
68,25,100,220,79
69,103,221,82,26
70,83,185,186,84
71,187,196,224,239
72,187,188,87,86
73,188,189,88,87
74,90,277,269,268
75,268,267,91,90
76,93,92,190,30
77,94,1,191,95
78,191,192,96,95
79,192,193,97,96
80,222,225,201,202
81,220,183,80,79
82,208,21,22,278
83,185,221,195,223
84,82,221,185,83
85,104,154,145,105
86,105,145,146,106
87,106,146,147,107
88,107,147,148,108
89,108,148,149,109
90,109,149,150,110
91,110,150,151,111
92,111,151,152,112
93,153,164,171,144
94,114,29,124,200
95,141,159,116,115
96,206,128,7,133
97,119,18,48,140
98,229,197,12,11
99,127,122,121,229
100,123,126,200,124
101,84,186,196,85
102,10,9,126,127
103,159,141,9,8
104,11,10,127,229
105,8,7,128,159
106,16,129,279,5
107,129,16,134,212
108,13,12,130,131
109,118,206,211,28
110,133,7,6,236
111,236,6,132,249
112,134,16,15,252
113,41,137,138,42
114,252,135,254,143
115,15,14,135,252
116,136,39,38,266
117,283,158,160,284
118,142,40,39,136
119,158,143,138,160
120,252,143,158,134
121,144,27,113,153
122,153,113,112,152
123,154,104,28,265
124,173,174,63,62
125,175,176,257,258
126,176,175,61,60
127,177,181,250,253
128,178,181,58,57
129,152,168,164,153
130,172,179,56,21
131,174,180,64,63
132,205,78,77,275
133,232,223,195,182
134,208,278,156,247
135,212,134,158,283
136,290,284,291,292
137,280,251,237,264
138,180,219,20,64
139,148,147,167,162
140,177,176,60,59
141,169,163,150,149
142,217,242,178,179
143,168,152,151,288
144,175,173,62,61
145,261,262,174,173
146,181,178,242,250
147,176,177,253,257
148,154,265,218,170
149,214,172,240,171
150,208,240,172,21
151,262,263,180,174
152,59,58,181,177
153,179,172,214,217
154,260,263,218,289
155,216,144,171,240
156,65,184,233,66
157,223,226,186,185
158,187,86,85,196
159,205,210,239,155
160,189,2,277,276
161,31,30,190,267
162,68,201,203,69
163,193,225,222,194
164,238,222,202,233
165,99,235,220,100
166,99,98,194,235
167,216,232,182,144
168,156,207,248,247
169,285,243,198,231
170,198,52,51,199
171,51,50,228,199
172,198,199,230,231
173,202,67,66,233
174,238,183,220,235
175,270,70,69,203
176,3,271,270,204
177,206,118,117,128
178,125,207,156,278
179,55,20,264,209
180,263,260,219,180
181,189,188,210,2
182,231,230,290,292
183,214,171,164,168
184,243,285,136,266
185,217,214,168,288
186,242,217,288,163
187,161,249,282,289
188,249,132,255,282
189,264,20,219,280
190,221,103,102,195
191,244,155,239,224
192,226,224,196,186
193,207,224,226,248
194,227,192,191,204
195,201,225,227,203
196,247,248,232,216
197,290,230,245,213
198,184,183,238,233
199,223,232,248,226
200,244,224,207,125
201,161,211,236,249
202,251,259,287,245
203,208,247,216,240
204,129,212,286,241
205,285,231,292,215
206,250,242,163,169
207,287,286,213,245
208,255,132,279,281
209,253,250,169,162
210,251,280,256,259
211,260,289,282,256
212,257,253,162,167
213,282,255,259,256
214,260,256,280,219
215,258,257,167,165
216,241,259,255,281
217,261,258,165,166
218,287,259,241,286
219,262,261,166,170
220,263,262,170,218
221,265,161,289,218
222,267,268,32,31
223,277,90,89,276
224,271,3,37,272
225,275,274,4,205
226,276,89,88,189
227,281,279,129,241
228,135,14,139,254
229,284,160,157,291
230,283,284,290,213
231,291,157,215,292
#---------------------BC, 1-Fixed or 0-Free
18,1,1
17,1,1
38,1,1
39,1,1
40,1,1
41,1,1
42,1,1
43,1,1
44,1,1
45,1,1
46,1,1
47,1,1
48,1,1
#---------------------LOAD AND BC
24,2000,0
25,2000,0
79,2000,0
80,2000,0
81,2000,0
